76
1 1 1 1
2 2 2 2
3 3 3 3
4 4 4 4
5 5 5 5
6 6 6 6 
7 7 7 7
8 8 8 8
9 9 9 9
10 10 10 10.3
11 11 11 11.2
12 12 12 12.3
13 13 13 13.3
14 14 14 14.3
15 15 15 15.3
16 16 16 16.3
17 17 17 17.3
18 18 18 18.3
19 19 19 19.3
20 20 20 20.3
21 21 21 21.3
22 22 22 22.3
23 23 23 23.3
24 24 24 24.3
25 25 25 25.3
26 26 26 26.3
27 27 27 27.3
28 28 28 28.3
29 29 29 29.3
30 30 30 30.3
31 31 31 31.3
32 32 32 32.3
33 33 33 33.3
34 34 34 34.3
35 35 35 35.3
36 36 36 36.3
37 37 37 37.3
38 38 38 38.3
39 39 39 39.3
40 40 40 40.3
41 41 41 41.3
42 42 42 42.3
43 43 43 43.3
44 44 44 44.3
45 45 45 45.3
46 46 46 46.3
47 47 47 47.3
48 48 48 48.3
49 49 49 49.3
50 50 50 50.3
51 51 51 51.3
52 52 52 52.3
53 53 53 53.3
54 54 54 54.3
55 54 54 54.3
56 54 54 54.3
57 54 54 54.3
58 54 54 54.3
59 54 54 54.3
60 54 54 54.3
61 54 54 54.3
62 54 54 54.3
63 54 54 54.3
64 54 54 54.3
65 54 54 54.3
66 54 54 54.3
67 54 54 54.3
68 54 54 54.3
69 54 54 54.3
70 54 54 54.3
71 54 54 54.3
72 54 54 54.3
73 54 54 54.3
74 54 54 54.3
75 54 54 54.3
76 54 54 54.3